#A
1,2|1,3|1,4|1,5|1,6|1,7|2,1|3,1|4,1|5,2|5,3|5,4|5,5|5,6|5,7|2,5|3,5|4,5
#B
1,1|1,2|1,3|1,4|1,5|1,6|1,7|2,1|3,1|4,1|2,7|3,7|4,7|2,4|3,4|4,4|5,2|5,3|5,5|5,6
#C
1,2|1,3|1,4|1,5|1,6|2,1|3,1|4,1|5,2|2,7|3,7|4,7|5,6
#D
1,1|1,2|1,3|1,4|1,5|1,6|1,7|2,1|3,1|4,1|2,7|3,7|4,7|5,2|5,3|5,4|5,5|5,6
#E
1,2|1,3|1,4|1,5|1,6|2,1|3,1|4,1|5,1|2,4|3,4|4,4|2,7|3,7|4,7|5,7
#F
1,2|1,3|1,4|1,5|1,6|1,7|2,1|3,1|4,1|5,1|2,4|3,4|4,4
#G
1,2|1,3|1,4|1,5|1,6|2,1|3,1|4,1|5,2|2,7|3,7|4,7|5,6|5,5|5,4|4,4|3,4
#H
1,1|1,2|1,3|1,4|1,5|1,6|1,7|2,4|3,4|4,4|5,1|5,2|5,3|5,4|5,5|5,6|5,7
#I
3,1|3,2|3,3|3,4|3,5|3,6|3,7
#J
3,1|4,1|5,1|5,2|5,3|5,4|5,5|5,6|4,7|3,7|2,7|1,6
#K
1,1|1,2|1,3|1,4|1,5|1,6|1,7|2,4|3,3|4,2|5,1|3,5|4,6|5,7
#L
1,1|1,2|1,3|1,4|1,5|1,6|2,7|3,7|4,7|5,7
#M
1,1|1,2|1,3|1,4|1,5|1,6|1,7|5,1|5,2|5,3|5,4|5,5|5,6|5,7|2,2|3,3|4,2
#N
1,1|1,2|1,3|1,4|1,5|1,6|1,7|5,1|5,2|5,3|5,4|5,5|5,6|5,7|2,2|3,3|4,4
#O
1,2|1,3|1,4|1,5|1,6|2,1|3,1|4,1|5,2|5,3|5,4|5,5|5,6|2,7|3,7|4,7
#P
1,1|1,2|1,3|1,4|1,5|1,6|1,7|2,1|3,1|4,1|5,2|5,3|5,4|2,5|3,5|4,5
#Q
1,2|1,3|1,4|1,5|1,6|2,1|3,1|4,1|5,2|5,3|5,4|5,5|5,6|2,7|3,7|4,7|3,8|3,6
#R
1,1|2,1|3,1|4,1|1,2|5,2|1,3|5,3|1,4|2,4|3,4|4,4|1,5|3,5|1,6|4,6|1,7|5,7
#S
2,1|3,1|4,1|5,2|1,2|1,3|2,4|3,4|4,4|5,5|5,6|4,7|3,7|2,7|1,6
#T
1,1|2,1|3,1|4,1|5,1|3,2|3,3|3,4|3,5|3,6|3,7
#U
1,1|1,2|1,3|1,4|1,5|1,6|5,1|5,2|5,3|5,4|5,5|5,6|2,7|3,7|4,7
#V
1,1|1,2|1,3|2,4|2,5|2,6|3,7|4,6|4,5|4,4|5,3|5,2|5,1
#W
1,1|1,2|1,3|1,4|1,5|1,6|2,7|3,6|3,5|3,4|4,7|5,1|5,2|5,3|5,4|5,5|5,6
#X
1,1|1,2|2,3|3,4|4,3|5,1|5,2|4,5|5,6|5,7|2,5|1,6|1,7
#Y
1,1|1,2|2,3|3,4|5,1|5,2|4,3|3,5|3,6|3,7
#Z
1,1|2,1|3,1|4,1|5,1|5,2|4,3|3,4|2,5|1,6|1,7|2,7|3,7|4,7|5,7
#a
1,4|1,5|1,6|2,3|3,3|4,3|5,4|5,5|5,6|5,7|2,7|3,7|4,6
#b
1,1|1,2|1,3|1,4|1,5|1,6|1,7|2,3|3,3|4,3|5,4|5,5|5,6|2,7|3,7|4,7
#c
1,4|1,5|1,6|2,3|3,3|4,3|5,4|5,6|2,7|3,7|4,7
#d
1,4|1,5|1,6|2,3|3,3|4,3|5,1|5,2|5,3|5,4|5,5|5,6|5,7|2,7|3,7|4,7
#e
1,4|1,5|1,6|2,3|3,3|4,3|5,4|5,5|4,5|3,5|2,5|2,7|3,7|4,7
#f
2,2|2,3|2,4|2,5|2,6|2,7|3,1|4,1|5,2|1,4|3,4|4,4
#g
1,4|1,5|1,6|2,3|3,3|4,3|2,7|3,7|4,7|5,3|5,4|5,5|5,6|5,7|5,8|4,9|3,9|2,9
#h
1,1|1,2|1,3|1,4|1,5|1,6|1,7|2,3|3,3|4,3|5,4|5,5|5,6|5,7
#i
3,1|3,3|3,4|3,5|3,6|3,7
#j
4,1|4,3|4,4|4,5|4,6|4,7|3,8|2,8
#k
1,1|1,2|1,3|1,4|1,5|1,6|1,7|2,5|3,6|4,7|3,4|4,3
#l
2,1|2,2|2,3|2,4|2,5|2,6|3,7|4,7
#m
1,4|1,5|1,6|1,7|2,3|3,4|3,5|3,6|3,7|4,3|5,4|5,5|5,6|5,7
#n
1,3|1,4|1,5|1,6|1,7|2,4|3,3|4,3|5,4|5,5|5,6|5,7
#o
1,4|1,5|1,6|2,7|3,7|4,7|5,4|5,5|5,6|2,3|3,3|4,3
#p
1,3|1,4|1,5|1,6|1,7|1,8|1,9|2,7|3,7|4,7|2,3|3,3|4,3|5,4|5,5|5,6
#q
5,3|5,4|5,5|5,6|5,7|5,8|5,9|2,3|3,3|4,3|1,4|1,5|1,6|2,7|3,7|4,7
#r
1,3|1,4|1,5|1,6|1,7|2,4|3,3|4,3|5,4
#s
1,7|2,7|3,7|4,7|5,6|2,5|3,5|4,5|1,4|2,3|3,3|4,3|5,3
#t
2,1|2,2|2,3|2,4|2,5|2,6|3,7|4,7|5,6|1,3|2,3|3,3|4,3
#u
1,3|1,4|1,5|1,6|5,3|5,4|5,5|5,6|5,7|2,7|3,7|4,6
#v
1,3|1,4|2,5|2,6|3,7|4,6|4,5|5,4|5,3
#w
1,3|1,4|1,5|1,6|2,7|3,3|3,4|3,5|3,6|4,7|5,3|5,4|5,5|5,6
#x
1,3|2,4|3,5|4,6|5,7|5,3|4,4|1,7|2,6
#y
1,3|1,4|1,5|1,6|2,7|3,7|4,7|5,3|5,4|5,5|5,6|5,8|4,9|3,9|2,9
#z
1,3|2,3|3,3|4,3|5,3|5,4|4,5|3,5|2,5|1,6|1,7|2,7|3,7|4,7|5,7
#[
2,2|2,3|2,4|2,5|2,6|3,1|4,1|3,7|4,7
#]
4,2|4,3|4,4|4,5|4,6|3,1|2,1|2,7|3,7
#(
2,3|2,4|2,5|3,2|4,1|3,6|4,7
#)
4,3|4,4|4,5|3,2|2,1|3,6|2,7
#underscore
2,8|3,8|4,8|5,8|6,8

